4294967279,373
4294967278,357
4294967279,189
4294967279,187
4294967279,185
4294967278,184
4294967278,150
4294967278,141
4294967279,377
4294967294,160
737,8
737,7
737,6
737,5
737,4
737,3
737,2
737,1
4294967279,276
4294967278,183
4294967279,183
4294967279,178
4294967278,342
4294967278,173
4294967279,274
4294967278,160
4294967278,159
732,6
732,5
732,4
732,3
732,2
732,1
4294967278,151
729,6
729,5
729,4
729,3
729,2
729,1
4294967278,354
726,5
726,4
726,3
726,2
726,1
724,6
724,5
724,4
724,3
724,2
724,1
721,7
721,6
721,5
721,4
721,3
721,2
721,1
4294967278,351
4294967294,1008
4294967294,190
717,5
717,4
717,3
717,2
717,1
4294967294,175
716,5
716,4
716,3
716,2
716,1
4294967278,418
715,5
715,4
715,3
715,2
715,1
4294967278,404
714,5
714,4
714,3
714,2
714,1
4294967294,1419
712,6
4294967279,267
712,5
712,4
712,3
712,2
712,1
711,5
711,4
711,3
711,2
711,1
4294967278,413
710,5
710,4
710,3
710,2
710,1
709,5
709,4
709,3
709,2
709,1
4294967279,376
708,6
4294967279,303
708,5
708,4
708,3
708,2
708,1
706,5
4294967294,1006
706,4
706,3
706,2
706,1
705,4
705,3
705,2
705,1
4294967294,113
4294967294,191
4294967278,314
4294967279,345
4294967279,295
4294967278,165
4294967279,145
4294967279,257
4294967279,344
4294967278,257
4294967278,253
4294967278,178
4294967279,173
4294967279,172
4294967278,171
4294967279,171
4294967278,170
4294967278,166
4294967279,165
4294967278,164
4294967279,164
4294967279,163
4294967278,338
704,8
704,7
704,6
704,5
704,4
704,2
704,1
4294967278,335
4294967278,341
4294967294,1092
4294967278,331
4294967279,279
4294967294,456
4294967279,256
4294967279,255
4294967278,334
4294967279,375
4294967279,222
4294967279,374
4294967278,415
699,6
699,5
699,4
699,2
699,1
4294967278,330
696,6
696,5
696,4
696,2
696,1
4294967278,328
4294967278,217
693,5
693,4
693,3
693,2
693,1
691,6
691,5
691,4
691,3
691,2
691,1
4294967278,416
4294967278,152
4294967278,147
4294967279,146
4294967278,137
688,7
688,6
688,5
688,4
688,2
688,1
4294967278,88
4294967279,282
4294967279,277
4294967294,484
4294967279,253
4294967278,325
4294967278,250
684,5
684,4
684,3
684,2
684,1
4294967279,372
683,5
683,4
683,3
683,2
683,1
4294967278,446
682,5
682,4
682,3
682,2
682,1
681,5
681,4
681,3
681,2
681,1
679,6
679,5
679,4
679,3
679,2
679,1
4294967279,371
678,5
678,4
678,3
678,2
678,1
677,6
677,5
677,4
677,3
677,2
677,1
676,6
676,5
676,4
676,3
676,2
676,1
673,7
4294967278,445
675,5
4294967294,161
675,4
675,3
675,2
675,1
4294967278,444
674,5
674,4
674,3
674,2
674,1
4294967278,443
673,6
673,5
673,4
673,2
673,1
671,5
671,4
671,3
671,2
671,1
4294967278,441
670,4
670,3
670,2
670,1
4294967278,439
4294967294,454
4294967279,305
4294967294,182
4294967279,370
4294967279,369
4294967279,368
4294967279,366
4294967278,397
4294967279,364
4294967279,343
4294967294,18
4294967294,127
4294967294,14
4294967294,126
4294967294,20
4294967294,13
4294967279,161
4294967279,157
4294967279,155
4294967278,154
4294967279,149
4294967278,149
4294967278,148
4294967279,139
4294967279,134
4294967278,134
669,8
669,7
669,6
669,5
669,4
669,2
669,1
4294967279,340
4294967279,557
4294967294,1014
664,6
664,5
664,4
664,2
664,1
4294967278,155
4294967279,154
4294967278,153
661,6
661,5
661,4
661,2
661,1
4294967279,150
4294967279,147
4294967278,145
4294967278,144
4294967278,143
4294967279,142
4294967279,138
4294967279,136
4294967278,136
4294967279,133
658,5
658,4
658,3
658,2
658,1
656,6
656,5
656,4
656,3
656,2
656,1
653,7
653,6
653,5
653,4
653,2
653,1
649,5
649,4
649,3
649,2
649,1
648,5
648,4
648,3
648,2
648,1
647,5
647,4
647,3
647,2
647,1
4294967278,430
4294967294,404
646,5
646,4
646,3
646,2
646,1
644,6
644,5
644,4
644,3
644,2
644,1
643,5
643,4
643,3
643,2
643,1
642,6
4294967278,428
642,5
4294967278,135
642,4
642,3
642,2
642,1
641,6
641,5
641,4
641,3
641,2
641,1
638,7
640,5
640,4
640,3
640,2
640,1
639,5
639,4
639,3
639,2
639,1
638,6
638,5
638,4
638,2
638,1
4294967278,427
636,5
636,4
636,3
636,2
636,1
635,4
635,3
635,2
635,1
634,5
634,4
634,3
634,2
634,1
4294967294,437
633,5
633,4
633,3
633,2
633,1
4294967278,405
632,7
632,6
632,5
632,4
632,2
632,1
4294967294,412
630,5
630,4
630,3
630,2
630,1
4294967279,341
4294967294,12
629,5
629,4
629,3
629,2
629,1
628,5
628,4
628,3
628,2
628,1
627,7
4294967279,563
627,6
627,5
627,4
627,3
627,2
627,1
4294967279,529
625,5
4294967294,1004
4294967294,997
625,4
625,3
625,2
625,1
624,4
624,3
624,2
624,1
4294967294,403
4294967294,451
4294967278,349
4294967278,387
4294967279,339
4294967278,201
623,8
623,7
623,6
623,5
623,4
623,2
623,1
4294967278,197
4294967294,1011
4294967294,1016
4294967278,339
618,6
618,5
618,4
618,2
618,1
4294967279,327
615,6
615,5
615,4
615,2
615,1
4294967279,537
612,5
612,4
612,3
612,2
612,1
4294967278,243
610,6
610,5
610,4
610,3
610,2
610,1
4294967279,289
4294967278,414
4294967279,325
607,7
607,6
607,5
607,4
607,2
607,1
4294967279,281
4294967279,334
4294967294,466
603,5
4294967278,161
603,4
603,3
603,2
603,1
602,5
602,4
4294967279,153
602,3
602,2
602,1
4294967278,324
4294967278,304
4294967278,46
4294967278,447
4294967278,45
4294967278,388
4294967278,44
4294967278,42
4294967278,37
4294967278,386
4294967278,27
4294967278,25
4294967278,24
4294967279,292
4294967279,329
601,5
601,4
601,3
601,2
601,1
4294967278,146
4294967278,32
4294967294,1015
4294967279,272
600,5
600,4
600,3
600,2
600,1
598,6
598,5
598,4
598,3
598,2
598,1
597,5
597,4
597,3
597,2
597,1
596,6
596,5
596,4
596,3
596,2
596,1
4294967279,548
595,6
4294967279,248
595,5
595,4
595,3
595,2
595,1
592,7
4294967294,1009
4294967294,1090
4294967279,320
594,5
594,4
4294967278,218
594,3
594,2
594,1
593,5
593,4
593,3
593,2
593,1
4294967278,207
592,6
4294967278,229
592,5
592,4
592,2
592,1
4294967278,313
590,5
590,4
590,3
590,2
590,1
4294967294,11
4294967279,540
4294967278,381
4294967278,442
4294967294,409
4294967294,407
4294967279,526
4294967279,330
4294967294,387
4294967279,252
4294967278,402
4294967279,536
4294967278,401
4294967294,38
4294967294,36
4294967294,39
4294967294,75
4294967294,104
4294967294,106
4294967294,174
4294967294,173
4294967278,132
4294967278,131
4294967278,130
4294967278,129
4294967278,128
4294967278,127
4294967278,126
4294967278,125
4294967278,124
4294967278,123
4294967278,122
4294967278,121
4294967278,120
4294967278,119
4294967278,118
4294967278,117
4294967278,116
4294967278,115
4294967278,114
4294967278,113
4294967278,112
4294967278,111
4294967278,110
4294967278,109
4294967278,108
4294967278,107
4294967278,106
4294967278,105
4294967278,104
4294967278,103
4294967278,102
4294967278,101
4294967278,100
4294967278,99
4294967278,98
4294967278,97
4294967278,96
4294967278,95
4294967278,94
4294967278,93
4294967278,92
4294967278,91
4294967278,90
4294967278,89
4294967278,87
4294967278,86
4294967278,85
4294967278,84
4294967278,83
4294967278,81
4294967278,78
4294967278,77
4294967278,76
4294967278,75
4294967278,74
4294967278,260
4294967278,72
4294967278,71
4294967278,68
4294967278,67
4294967278,66
4294967278,65
4294967278,64
4294967278,63
4294967278,62
4294967278,61
4294967278,60
4294967278,59
4294967278,58
4294967278,57
4294967278,56
4294967278,55
4294967278,54
4294967278,53
4294967278,52
4294967278,301
4294967279,75
4294967279,74
4294967279,73
4294967279,71
4294967279,69
4294967279,68
4294967279,67
4294967279,66
4294967279,65
4294967279,63
4294967279,62
4294967279,61
4294967279,60
4294967279,59
4294967279,58
4294967279,56
4294967279,55
4294967279,54
4294967279,52
4294967279,51
4294967279,50
4294967279,49
4294967279,48
4294967279,46
4294967279,44
4294967279,41
4294967279,40
4294967279,38
4294967279,37
4294967279,35
4294967279,34
4294967279,33
4294967279,32
4294967279,27
4294967279,25
4294967279,24
4294967279,23
4294967279,22
4294967279,21
4294967279,20
4294967279,19
4294967279,18
4294967279,17
4294967279,8
4294967279,6
4294967279,13
4294967279,251
4294967279,11
4294967279,10
4294967279,9
4294967279,7
588,8
588,7
588,6
588,5
588,4
588,3
588,2
588,1
4294967279,246
4294967279,244
583,6
583,5
583,4
583,3
583,2
583,1
4294967279,240
4294967278,411
4294967279,238
4294967279,234
4294967279,64
4294967294,1421
580,6
580,5
580,4
580,3
580,2
580,1
4294967279,232
4294967279,53
4294967279,230
4294967279,291
577,5
577,4
577,3
577,2
577,1
4294967279,143
4294967279,285
575,6
575,5
575,4
575,3
575,2
575,1
572,7
572,6
572,5
572,4
572,3
572,2
572,1
4294967278,237
4294967278,236
4294967279,338
4294967279,225
4294967278,216
4294967279,315
568,5
4294967294,185
4294967294,998
4294967278,206
568,4
568,3
568,2
568,1
4294967278,326
4294967279,287
4294967279,30
4294967279,28
4294967279,26
4294967279,16
4294967279,15
4294967279,14
4294967279,12
4294967279,5
4294967279,4
567,5
4294967279,200
567,4
567,3
567,2
567,1
566,5
566,4
566,3
566,2
566,1
565,5
565,4
565,3
565,2
565,1
4294967278,398
4294967278,175
563,6
563,5
563,4
563,3
563,2
563,1
4294967294,459
4294967294,112
4294967294,458
4294967294,400
562,5
562,4
562,3
562,2
562,1
561,6
561,5
561,4
561,3
561,2
561,1
560,6
4294967278,394
4294967279,226
560,5
560,4
560,3
560,2
560,1
4294967278,393
557,7
559,5
559,4
559,3
559,2
559,1
558,5
558,4
558,3
558,2
558,1
557,6
557,5
557,4
557,3
557,2
557,1
4294967279,278
555,5
555,4
555,3
555,2
555,1
554,4
554,3
554,2
554,1
4294967279,304
4294967279,216
4294967278,391
4294967279,214
4294967278,440
4294967279,156
4294967279,137
4294967294,478
4294967278,412
553,8
553,7
553,6
553,5
553,4
553,2
553,1
4294967294,448
4294967294,164
4294967294,408
4294967278,385
548,6
548,5
548,4
548,2
548,1
4294967278,384
4294967278,255
4294967278,252
545,6
545,5
545,4
